0.0 0.0 0.0
1.049652 2.00693 1.15541
1.049652 2.00693 1.15541
3.258387 3.133363 0.984718
5.793067 5.165679 1.111125
5.793068 5.165678 1.111124
8.078182 7.654667 1.057076
8.078179 7.654668 1.057076
9.32463 8.463492 1.02016
10.168245 8.944889 0.886614
8.767892 9.099202 1.478753
9.624009 8.053109 0.748327
2.13751 3.917384 3.457093
3.156646 1.822147 0.198921
2.802849 3.595843 1.915772
2.355068 9.599624 0.731646
2.355068 9.599624 0.731646
2.355068 9.599624 0.731646
2.049325 12.439133 3.227344
2.049325 12.439137 3.227347
1.826913 13.978496 5.094845
1.826913 13.978498 5.094846
1.653087 14.813918 5.87812
1.457482 15.656816 6.529886
1.615845 14.689256 6.542193
1.537365 15.503324 5.682244
0.17259 9.564661 0.254315
0.17259 9.564661 0.254315
0.17259 9.564661 0.254315
0.163494 9.853742 4.537259
0.163492 9.853744 4.537251
0.584199 7.145302 4.259418
0.584197 7.145311 4.259419
0.813877 6.522175 3.235593
1.023598 5.7704 2.219089
0.909261 6.78234 2.453737
0.889166 5.712872 3.173234
-0.269453 10.619763 0.250409
-1.746524 8.869379 0.652931
-1.746524 8.869379 0.652931
-1.746524 8.869379 0.652931
-1.388835 8.855796 4.536077
-1.388835 8.855795 4.536083
-0.765192 6.360903 3.866746
-0.765197 6.360909 3.866747
-0.611702 5.887415 2.781502
-0.439324 5.248077 1.722083
-0.701219 6.140532 1.977851
-0.367193 5.157071 2.672545
-3.505406 7.789584 1.369119
-3.505406 7.789584 1.369119
2.42547 10.016155 2.38383
0.061962 9.87255 2.064966
-1.88233 9.011188 2.344162
-3.80267 7.670981 2.712935
2.192823 9.611814 -0.521866
-2.063757 8.772871 -0.342693
-3.734504 7.580273 0.413205
0.424188 8.176033 2.053984
2.514459 3.112573 -0.263203
0.085723 3.22587 -1.390163
-0.987424 3.179338 -1.272007
-1.531331 3.088745 -1.056948
1.211487 2.388174 3.349584
1.211487 2.388174 3.349584
-1.040151 2.506731 2.954595
-1.861506 2.455912 2.867835
-2.299858 3.407356 0.941984
-3.505407 7.789586 1.36912
-4.437961 9.974281 3.317165
-4.437963 9.974279 3.317165
-5.14246 11.282028 4.702446
-5.142465 11.282032 4.702452
-5.415874 12.077966 5.545012
-5.697436 12.820398 6.167616
-5.313867 12.118903 6.274323
-5.779361 12.608831 5.403365
0.0 0.0 0.0
