0.0 0.0 0.0
1.049652 2.00693 1.15541
1.049652 2.00693 1.15541
3.271092 3.09384 0.909796
5.894978 5.004467 1.098535
5.894979 5.004466 1.098534
8.015831 7.615749 1.41933
8.015829 7.615751 1.41933
9.264352 8.419414 1.486531
10.114347 8.90351 1.420031
8.687966 9.031052 1.953511
9.57534 8.023499 1.206401
2.168955 3.872745 3.392193
3.115361 1.806633 0.093733
2.802849 3.595843 1.915772
2.355068 9.599624 0.731646
2.355068 9.599624 0.731646
2.355068 9.599624 0.731646
2.867489 13.076865 2.156783
2.86749 13.07687 2.156785
3.136795 15.170537 3.361225
3.136796 15.170539 3.361226
3.200688 16.13047 4.006292
3.236429 17.082977 4.521062
3.180549 16.117474 4.682565
3.225496 16.791267 3.706677
0.17259 9.564661 0.254315
0.17259 9.564661 0.254315
0.17259 9.564661 0.254315
0.072911 13.578243 1.773683
0.07291 13.578237 1.773678
0.019709 15.834069 3.354256
0.019708 15.834063 3.35425
0.004579 16.793234 4.108592
-0.058481 17.862534 4.812191
0.082954 16.834202 4.933372
-0.112447 17.57081 3.893628
-0.158785 10.008215 -0.746739
-1.746524 8.869379 0.652931
-1.746524 8.869379 0.652931
-1.746524 8.869379 0.652931
-2.210149 12.681318 1.332
-2.21015 12.681323 1.332002
-2.344228 14.975224 2.666719
-2.344231 14.975217 2.666717
-2.216989 15.699207 3.607546
-2.148821 16.573116 4.497756
-2.04358 15.616464 4.432786
-2.294377 16.471539 3.55682
-3.505406 7.789584 1.369119
-3.505406 7.789584 1.369119
2.42547 10.016155 2.38383
0.061962 9.87255 2.064966
-1.88233 9.011188 2.344162
-3.80267 7.670981 2.712935
2.192823 9.611814 -0.521866
-2.063757 8.772871 -0.342693
-3.734504 7.580273 0.413205
0.424188 8.176033 2.053984
2.514459 3.112573 -0.263203
0.085723 3.22587 -1.390163
-0.987424 3.179338 -1.272007
-1.531331 3.088745 -1.056948
1.211487 2.388174 3.349584
1.211487 2.388174 3.349584
-1.040151 2.506731 2.954595
-1.861506 2.455912 2.867835
-2.299858 3.407356 0.941984
-3.505407 7.789586 1.36912
-4.722884 10.603469 1.562106
-4.722885 10.603468 1.562106
-5.095424 12.076688 2.909832
-5.095427 12.076693 2.909838
-5.171882 12.949602 3.716283
-5.281382 13.759851 4.307575
-5.010875 13.010462 4.433464
-5.453123 13.525837 3.565084
0.0 0.0 0.0
