0.0 0.0 0.0
1.049652 2.00693 1.15541
1.049652 2.00693 1.15541
3.03556 3.438164 1.584635
5.151042 5.584954 2.804029
5.151043 5.584953 2.804028
5.509699 8.546872 4.390891
5.509696 8.546872 4.39089
6.008852 9.693587 5.194063
6.432385 10.454115 5.645152
5.067746 9.868204 5.284733
6.561807 9.550527 5.118497
1.048898 3.842336 3.552758
3.345657 2.230735 0.694091
2.802849 3.595843 1.915772
2.355068 9.599624 0.731646
2.355068 9.599624 0.731646
2.355068 9.599624 0.731646
2.558347 13.350609 1.254702
2.558347 13.350615 1.254703
2.637937 15.545433 2.295416
2.637937 15.545435 2.295416
2.615773 16.577034 2.821701
2.564983 17.583132 3.220099
2.603827 16.642775 3.495092
2.573899 17.196852 2.446054
0.17259 9.564661 0.254315
0.17259 9.564661 0.254315
0.17259 9.564661 0.254315
-0.172765 13.834621 0.528959
-0.172765 13.834614 0.528956
-0.340136 16.205692 1.921728
-0.340137 16.205685 1.921723
-0.398586 17.203495 2.621887
-0.510161 18.306095 3.265513
-0.320583 17.293772 3.44277
-0.552249 17.961651 2.364757
-0.155953 9.676655 -0.835719
-1.746524 8.869379 0.652931
-1.746524 8.869379 0.652931
-1.746524 8.869379 0.652931
-2.537168 12.652136 0.130834
-2.53717 12.652142 0.130834
-2.741891 14.954376 1.442029
-2.741893 14.954369 1.442027
-2.689538 15.838621 2.242571
-2.703792 16.857357 2.965625
-2.537544 15.91324 3.072792
-2.812932 16.583286 2.054671
-3.505406 7.789584 1.369119
-3.505406 7.789584 1.369119
2.42547 10.016155 2.38383
0.061962 9.87255 2.064966
-1.88233 9.011188 2.344162
-3.80267 7.670981 2.712935
2.192823 9.611814 -0.521866
-2.063757 8.772871 -0.342693
-3.734504 7.580273 0.413205
0.424188 8.176033 2.053984
2.514459 3.112573 -0.263203
0.085723 3.22587 -1.390163
-0.987424 3.179338 -1.272007
-1.531331 3.088745 -1.056948
1.211487 2.388174 3.349584
1.211487 2.388174 3.349584
-1.040151 2.506731 2.954595
-1.861506 2.455912 2.867835
-2.299858 3.407356 0.941984
-3.505407 7.789586 1.36912
-4.726588 10.555674 0.826071
-4.72659 10.555673 0.826071
-5.22393 12.277881 1.78115
-5.223934 12.277887 1.781155
-5.295609 13.229507 2.49351
-5.394431 14.098495 2.996715
-5.160512 13.355886 3.20748
-5.546459 13.797822 2.274196
0.0 0.0 0.0
