0.0 0.0 0.0
1.049652 2.00693 1.15541
1.049652 2.00693 1.15541
3.007774 3.461264 1.63203
5.048826 5.831807 2.518329
5.048827 5.831806 2.518328
4.654451 8.861382 3.962584
4.654449 8.861382 3.962583
3.676918 9.73824 4.658823
3.102398 10.410708 5.08188
3.058608 9.069935 4.349868
4.080808 10.11268 4.827949
1.113252 3.934429 3.674233
3.34288 2.195004 0.837422
2.802849 3.595843 1.915772
2.355068 9.599624 0.731646
2.355068 9.599624 0.731646
2.355068 9.599624 0.731646
1.887777 10.961626 4.240404
1.887777 10.961628 4.240409
2.236236 8.562263 4.408547
2.236236 8.562262 4.408548
2.408792 7.825409 3.531659
2.541618 7.058131 2.778546
2.446778 8.027987 2.887113
2.443913 7.107932 3.63669
0.17259 9.564661 0.254315
0.17259 9.564661 0.254315
0.17259 9.564661 0.254315
0.053978 10.402161 4.462853
0.053977 10.402162 4.462844
0.575857 7.712956 4.755515
0.575854 7.712965 4.755515
0.859509 7.086875 3.747139
1.130062 6.331383 2.747908
0.956356 7.339231 2.962907
0.979785 6.281981 3.700142
-0.307162 10.592481 0.105712
-1.746524 8.869379 0.652931
-1.746524 8.869379 0.652931
-1.746524 8.869379 0.652931
-1.401155 8.894281 4.537137
-1.401155 8.894279 4.537142
-0.639564 6.349418 4.608473
-0.639568 6.349424 4.608472
-0.510568 6.014025 3.469886
-0.357906 5.511466 2.336323
-0.632427 6.359203 2.705727
-0.252455 5.309063 3.266257
-3.505406 7.789584 1.369119
-3.505406 7.789584 1.369119
2.42547 10.016155 2.38383
0.061962 9.87255 2.064966
-1.88233 9.011188 2.344162
-3.80267 7.670981 2.712935
2.192823 9.611814 -0.521866
-2.063757 8.772871 -0.342693
-3.734504 7.580273 0.413205
0.424188 8.176033 2.053984
2.514459 3.112573 -0.263203
0.085723 3.22587 -1.390163
-0.987424 3.179338 -1.272007
-1.531331 3.088745 -1.056948
1.211487 2.388174 3.349584
1.211487 2.388174 3.349584
-1.040151 2.506731 2.954595
-1.861506 2.455912 2.867835
-2.299858 3.407356 0.941984
-3.505407 7.789586 1.36912
-2.668969 7.890723 4.323366
-2.668971 7.890723 4.323366
-1.954143 5.994482 4.186203
-1.954142 5.994473 4.186203
-1.846319 5.523456 3.097769
-1.681641 5.038878 2.22818
-2.108015 5.693323 2.429461
-1.527137 4.954549 3.00572
0.0 0.0 0.0
