0.0 0.0 0.0
1.049652 2.00693 1.15541
1.049652 2.00693 1.15541
3.187622 3.270547 1.2495
5.251289 5.751408 0.852638
5.25129 5.751407 0.852637
6.993049 8.57559 0.212328
6.993046 8.575591 0.212329
8.169827 9.400921 -0.166111
8.957027 9.871199 -0.513124
7.634544 10.101583 0.217215
8.458978 8.951778 -0.381977
2.104443 4.185588 3.693496
3.303865 1.861374 0.659727
2.802849 3.595843 1.915772
2.355068 9.599624 0.731646
2.355068 9.599624 0.731646
2.355068 9.599624 0.731646
1.600733 13.106513 1.963516
1.600733 13.106518 1.963517
1.128035 15.045402 3.350575
1.128034 15.045403 3.350575
0.825987 16.037807 3.865903
0.506968 16.99807 4.252766
0.775657 16.099239 4.537925
0.639515 16.625828 3.483152
0.17259 9.564661 0.254315
0.17259 9.564661 0.254315
0.17259 9.564661 0.254315
0.148298 10.365307 4.471617
0.148297 10.365309 4.471608
0.432687 7.639103 4.748674
0.432685 7.639112 4.748674
0.659945 7.104028 3.675684
0.864028 6.440711 2.598283
0.771437 7.430301 2.921231
0.716277 6.301847 3.542032
-0.215518 10.632202 0.118719
-1.746524 8.869379 0.652931
-1.746524 8.869379 0.652931
-1.746524 8.869379 0.652931
-1.458401 9.216723 4.52634
-1.458401 9.216722 4.526344
-0.733662 6.660762 4.583327
-0.733667 6.660769 4.583326
-0.566094 6.144922 3.519683
-0.376468 5.464885 2.488942
-0.657113 6.361952 2.705711
-0.306684 5.415654 3.442657
-3.505406 7.789584 1.369119
-3.505406 7.789584 1.369119
2.42547 10.016155 2.38383
0.061962 9.87255 2.064966
-1.88233 9.011188 2.344162
-3.80267 7.670981 2.712935
2.192823 9.611814 -0.521866
-2.063757 8.772871 -0.342693
-3.734504 7.580273 0.413205
0.424188 8.176033 2.053984
2.514459 3.112573 -0.263203
0.085723 3.22587 -1.390163
-0.987424 3.179338 -1.272007
-1.531331 3.088745 -1.056948
1.211487 2.388174 3.349584
1.211487 2.388174 3.349584
-1.040151 2.506731 2.954595
-1.861506 2.455912 2.867835
-2.299858 3.407356 0.941984
-3.505407 7.789586 1.36912
-2.650209 7.94155 4.315808
-2.650211 7.94155 4.315808
-2.142882 5.974852 4.331319
-2.142883 5.974843 4.331319
-2.035373 5.296938 3.358151
-1.881421 4.642886 2.6054
-2.252867 5.357083 2.655972
-1.767031 4.696259 3.392557
0.0 0.0 0.0
