0.0 0.0 0.0
1.049652 2.00693 1.15541
1.049652 2.00693 1.15541
2.555984 3.707032 2.16393
3.826671 6.068064 4.002891
3.826673 6.068063 4.00289
2.651186 8.811721 5.587282
2.651183 8.81172 5.587281
1.813818 9.811947 6.299716
1.356831 10.548355 6.758114
1.110281 9.372672 5.813438
2.263713 10.043744 6.575033
0.032298 3.679676 3.434344
3.312305 2.619512 1.39426
2.802849 3.595843 1.915772
2.355068 9.599624 0.731646
2.355068 9.599624 0.731646
2.355068 9.599624 0.731646
1.724479 13.192305 1.770781
1.724479 13.19231 1.770782
1.323581 15.167901 3.128341
1.323581 15.167903 3.128342
1.061277 16.160452 3.664724
0.779653 17.123852 4.072258
1.0196 16.211117 4.338234
0.891723 16.761578 3.294675
0.17259 9.564661 0.254315
0.17259 9.564661 0.254315
0.17259 9.564661 0.254315
-0.07409 10.823483 4.350872
-0.074092 10.823483 4.350863
0.554744 8.150721 4.576127
0.55474 8.150729 4.576127
0.85623 7.559473 3.552022
1.14975 6.838226 2.534143
0.938112 7.833297 2.773305
1.007612 6.761209 3.485793
-0.342366 10.551739 -0.008658
-1.746524 8.869379 0.652931
-1.746524 8.869379 0.652931
-1.746524 8.869379 0.652931
-1.467489 9.214618 4.527193
-1.467489 9.214617 4.527198
-0.700777 6.670298 4.522544
-0.700782 6.670304 4.522543
-0.491072 6.057981 3.519251
-0.256671 5.286031 2.56532
-0.563145 6.192691 2.685826
-0.213567 5.331314 3.520807
-3.505406 7.789584 1.369119
-3.505406 7.789584 1.369119
2.42547 10.016155 2.38383
0.061962 9.87255 2.064966
-1.88233 9.011188 2.344162
-3.80267 7.670981 2.712935
2.192823 9.611814 -0.521866
-2.063757 8.772871 -0.342693
-3.734504 7.580273 0.413205
0.424188 8.176033 2.053984
2.514459 3.112573 -0.263203
0.085723 3.22587 -1.390163
-0.987424 3.179338 -1.272007
-1.531331 3.088745 -1.056948
1.211487 2.388174 3.349584
1.211487 2.388174 3.349584
-1.040151 2.506731 2.954595
-1.861506 2.455912 2.867835
-2.299858 3.407356 0.941984
-3.505407 7.789586 1.36912
-2.671314 7.998042 4.318401
-2.671316 7.998042 4.318402
-2.039022 6.093543 4.632431
-2.039022 6.093534 4.632432
-1.905757 5.402586 3.671703
-1.726011 4.741845 2.930601
-2.129542 5.439145 2.969877
-1.60997 4.81559 3.715869
0.0 0.0 0.0
