0.0 0.0 0.0
-1.049652 -2.00693 -1.15541
-1.049652 -2.00693 -1.15541
-3.0386 -3.43554 -1.579271
-5.064457 -5.942016 -2.008657
-5.064457 -5.942016 -2.008657
-6.430305 -9.006506 -2.412503
-6.430305 -9.006506 -2.412503
-7.090609 -10.294882 -2.749082
-7.598382 -11.124263 -2.873809
-6.197041 -10.530955 -3.014033
-7.610885 -10.111421 -2.582979
-1.351209 -4.052696 -3.759986
-3.339126 -2.107135 -0.877746
-2.802849 -3.595843 -1.915772
-2.355068 -9.599624 -0.731646
-2.355068 -9.599624 -0.731646
-2.355067 -9.599624 -0.731645
-2.502053 -13.387638 -0.612715
-2.502053 -13.387638 -0.612715
-2.554919 -15.678881 -1.421471
-2.554919 -15.678881 -1.421471
-2.5197 -16.772276 -1.802147
-2.455208 -17.822477 -2.059931
-2.512348 -16.929276 -2.460339
-2.464121 -17.334179 -1.345843
-0.17259 -9.564661 -0.254315
-0.17259 -9.564661 -0.254315
-0.172591 -9.564661 -0.254315
0.387133 -13.801521 0.149394
0.387134 -13.801521 0.149393
0.716994 -16.414785 -0.657971
0.716994 -16.414785 -0.657971
0.860149 -17.564724 -1.040588
1.058876 -18.795527 -1.337339
0.826895 -17.889284 -1.803241
1.039483 -18.207354 -0.572192
0.137072 -9.488063 0.844275
1.746524 -8.869379 -0.652931
1.746524 -8.869379 -0.652931
1.746525 -8.869379 -0.652931
2.763588 -12.572987 0.022223
2.763588 -12.572987 0.022223
3.250421 -15.068156 -0.751452
3.250421 -15.068156 -0.751452
3.36403 -16.158579 -1.224281
3.549077 -17.342932 -1.576273
3.30283 -16.508762 -1.993412
3.540383 -16.784975 -0.798153
3.505406 -7.789584 -1.369119
3.505406 -7.789584 -1.369119
-2.42547 -10.016155 -2.38383
-0.061962 -9.87255 -2.064966
1.88233 -9.011188 -2.344162
3.80267 -7.670981 -2.712935
-2.192823 -9.611814 0.521866
2.063757 -8.772871 0.342693
3.734504 -7.580273 -0.413204
-0.424188 -8.176033 -2.053984
-2.514459 -3.112573 0.263203
-0.085723 -3.22587 1.390163
0.987424 -3.179338 1.272007
1.531331 -3.088745 1.056948
-1.211487 -2.388175 -3.349584
-1.211487 -2.388175 -3.349584
1.040151 -2.506731 -2.954595
1.861506 -2.455912 -2.867835
2.299857 -3.407356 -0.941984
3.505406 -7.789585 -1.369118
4.949377 -10.47261 -0.976997
4.949377 -10.47261 -0.976996
5.873484 -12.231291 -1.399596
5.873484 -12.231291 -1.399596
6.287858 -13.310055 -1.68726
6.660868 -14.239579 -1.809609
6.361411 -13.68804 -2.316302
6.570769 -13.695431 -1.233991
0.0 0.0 0.0
