0.0 0.0 0.0
-1.049652 -2.00693 -1.15541
-1.049652 -2.00693 -1.15541
-3.154434 -3.315708 -1.338417
-5.430408 -5.599627 -1.756202
-5.430408 -5.599627 -1.756202
-7.407623 -8.330948 -1.980361
-7.407623 -8.330948 -1.980361
-8.57655 -9.2435 -2.080642
-9.386547 -9.794563 -2.041935
-7.91628 -9.832357 -2.45705
-8.940468 -8.858384 -1.8544
-1.653513 -3.981311 -3.63796
-3.288608 -2.000419 -0.564385
-2.802849 -3.595843 -1.915772
-2.355068 -9.599624 -0.731646
-2.355068 -9.599624 -0.731646
-2.355067 -9.599624 -0.731645
-2.16013 -12.49713 -3.171163
-2.16013 -12.49713 -3.171164
-1.99907 -14.090359 -4.999374
-1.99907 -14.090359 -4.999374
-1.863117 -14.827123 -5.882756
-1.703512 -15.58816 -6.637001
-1.832794 -14.622448 -6.527046
-1.765116 -15.538411 -5.775509
-0.17259 -9.564661 -0.254315
-0.17259 -9.564661 -0.254315
-0.172591 -9.564661 -0.254315
-0.180532 -9.70081 -4.544847
-0.180532 -9.70081 -4.544847
-0.623648 -6.987891 -4.361771
-0.623649 -6.987892 -4.36177
-0.857077 -6.006142 -3.675529
-1.06685 -4.90955 -3.046315
-0.975736 -5.933419 -2.85778
-0.911216 -5.23724 -3.940837
0.27775 -10.615652 -0.289925
1.746524 -8.869379 -0.652931
1.746524 -8.869379 -0.652931
1.746525 -8.869379 -0.652931
1.360963 -8.688333 -4.529208
1.360963 -8.688332 -4.529208
0.75164 -6.102531 -4.467448
0.75164 -6.102531 -4.467448
0.489868 -5.168303 -3.771612
0.216812 -4.102056 -3.18052
0.481215 -4.998417 -2.941551
0.254823 -4.484208 -4.057662
3.505406 -7.789584 -1.369119
3.505406 -7.789584 -1.369119
-2.42547 -10.016155 -2.38383
-0.061962 -9.87255 -2.064966
1.88233 -9.011188 -2.344162
3.80267 -7.670981 -2.712935
-2.192823 -9.611814 0.521866
2.063757 -8.772871 0.342693
3.734504 -7.580273 -0.413204
-0.424188 -8.176033 -2.053984
-2.514459 -3.112573 0.263203
-0.085723 -3.22587 1.390163
0.987424 -3.179338 1.272007
1.531331 -3.088745 1.056948
-1.211487 -2.388175 -3.349584
-1.211487 -2.388175 -3.349584
1.040151 -2.506731 -2.954595
1.861506 -2.455912 -2.867835
2.299857 -3.407356 -0.941984
3.505406 -7.789585 -1.369118
3.565583 -10.194273 -3.279953
3.565583 -10.194273 -3.279953
3.50756 -11.335809 -4.958956
3.50756 -11.335809 -4.958956
3.349553 -12.008752 -5.928682
3.246768 -12.675744 -6.6788
3.149846 -11.876709 -6.626291
3.497531 -12.650679 -5.922466
0.0 0.0 0.0