0.0 0.0 0.0
-1.049652 -2.00693 -1.15541
-1.049652 -2.00693 -1.15541
-2.774129 -3.611047 -1.948813
-4.414266 -5.928037 -3.533869
-4.414266 -5.928037 -3.53387
-5.343372 -8.821286 -5.012248
-5.343372 -8.821285 -5.012248
-5.550625 -10.046942 -5.827116
-5.792412 -10.869616 -6.302522
-4.593538 -10.098555 -5.751523
-6.121836 -9.975868 -5.851653
-0.441159 -3.774127 -3.534484
-3.356418 -2.459997 -1.122293
-2.802849 -3.595843 -1.915772
-2.355068 -9.599624 -0.731646
-2.355068 -9.599624 -0.731646
-2.355067 -9.599624 -0.731645
-2.213893 -13.262158 -1.706686
-2.213892 -13.262158 -1.706686
-2.097054 -14.882671 -3.514159
-2.097054 -14.882671 -3.514159
-1.985116 -15.597471 -4.418703
-1.845657 -16.33956 -5.195485
-1.974405 -15.377243 -5.058472
-1.881954 -16.31078 -4.331603
-0.17259 -9.564661 -0.254315
-0.17259 -9.564661 -0.254315
-0.172591 -9.564661 -0.254315
0.651556 -13.680885 -1.151386
0.651556 -13.680885 -1.151386
0.980043 -15.481999 -3.209998
0.980043 -15.481999 -3.209998
1.104717 -16.219646 -4.174145
1.295909 -17.067238 -5.116199
0.993926 -16.075596 -4.983502
1.348943 -16.997152 -4.154925
0.19137 -9.79382 0.805721
1.746524 -8.869379 -0.652931
1.746524 -8.869379 -0.652931
1.746525 -8.869379 -0.652931
2.90541 -12.580417 -0.956482
2.905411 -12.580418 -0.956482
3.153278 -14.355654 -2.918254
3.153278 -14.355654 -2.918254
3.143627 -15.065303 -3.878358
3.21678 -15.914554 -4.791735
2.9573 -14.989888 -4.701481
3.345857 -15.8158 -3.848099
3.505406 -7.789584 -1.369119
3.505406 -7.789584 -1.369119
-2.42547 -10.016155 -2.38383
-0.061962 -9.87255 -2.064966
1.88233 -9.011188 -2.344162
3.80267 -7.670981 -2.712935
-2.192823 -9.611814 0.521866
2.063757 -8.772871 0.342693
3.734504 -7.580273 -0.413204
-0.424188 -8.176033 -2.053984
-2.514459 -3.112573 0.263203
-0.085723 -3.22587 1.390163
0.987424 -3.179338 1.272007
1.531331 -3.088745 1.056948
-1.211487 -2.388175 -3.349584
-1.211487 -2.388175 -3.349584
1.040151 -2.506731 -2.954595
1.861506 -2.455912 -2.867835
2.299857 -3.407356 -0.941984
3.505406 -7.789585 -1.369118
4.91025 -10.52073 -1.30063
4.91025 -10.520731 -1.300629
5.365362 -11.993488 -2.623272
5.365362 -11.993488 -2.623272
5.455823 -12.840195 -3.455795
5.58065 -13.62946 -4.07191
5.286016 -12.885311 -4.172109
5.75639 -13.41174 -3.325408
0.0 0.0 0.0
