0.0 0.0 0.0
-1.049652 -2.00693 -1.15541
-1.049652 -2.00693 -1.15541
-2.937718 -3.51343 -1.740356
-4.864115 -5.908861 -2.799508
-4.864115 -5.908861 -2.799508
-4.783686 -8.985014 -4.196129
-4.783686 -8.985013 -4.196129
-3.825081 -9.909895 -4.855574
-3.267958 -10.610594 -5.255448
-3.187895 -9.264833 -4.535758
-4.239584 -10.268849 -5.032421
-0.906834 -3.905098 -3.665401
-3.351258 -2.270752 -0.945467
-2.802849 -3.595843 -1.915772
-2.355068 -9.599624 -0.731646
-2.355068 -9.599624 -0.731646
-2.355067 -9.599624 -0.731645
-1.854034 -11.193237 -4.136664
-1.854034 -11.193237 -4.136664
-2.206336 -8.82711 -4.565613
-2.206337 -8.82711 -4.565613
-2.392456 -8.004054 -3.772136
-2.53734 -7.163403 -3.104416
-2.438168 -8.138866 -3.11058
-2.428386 -7.301497 -3.951468
-0.17259 -9.564661 -0.254315
-0.17259 -9.564661 -0.254315
-0.172591 -9.564661 -0.254315
-0.009326 -10.563274 -4.42605
-0.009326 -10.563274 -4.42605
-0.563918 -7.915746 -4.94837
-0.563919 -7.915746 -4.94837
-0.872097 -7.2353 -3.983348
-1.169201 -6.426023 -3.03507
-0.975768 -7.441778 -3.186666
-1.006377 -6.431254 -3.986508
0.320982 -10.578657 -0.062339
1.746524 -8.869379 -0.652931
1.746524 -8.869379 -0.652931
1.746525 -8.869379 -0.652931
1.441595 -9.07161 -4.535337
1.441596 -9.07161 -4.535338
0.642284 -6.544161 -4.721225
0.642284 -6.544161 -4.721225
0.476789 -6.098469 -3.626024
0.284917 -5.487469 -2.553318
0.583804 -6.362496 -2.828043
0.201232 -5.381828 -3.501316
3.505406 -7.789584 -1.369119
3.505406 -7.789584 -1.369119
-2.42547 -10.016155 -2.38383
-0.061962 -9.87255 -2.064966
1.88233 -9.011188 -2.344162
3.80267 -7.670981 -2.712935
-2.192823 -9.611814 0.521866
2.063757 -8.772871 0.342693
3.734504 -7.580273 -0.413204
-0.424188 -8.176033 -2.053984
-2.514459 -3.112573 0.263203
-0.085723 -3.22587 1.390163
0.987424 -3.179338 1.272007
1.531331 -3.088745 1.056948
-1.211487 -2.388175 -3.349584
-1.211487 -2.388175 -3.349584
1.040151 -2.506731 -2.954595
1.861506 -2.455912 -2.867835
2.299857 -3.407356 -0.941984
3.505406 -7.789585 -1.369118
2.697152 -8.005833 -4.325027
2.697151 -8.005834 -4.325026
1.967787 -6.110916 -4.27176
1.967787 -6.110916 -4.27176
1.825263 -5.560204 -3.225533
1.631628 -5.013355 -2.399953
2.070876 -5.675282 -2.539671
1.497095 -4.990379 -3.185399
0.0 0.0 0.0
