0.0 0.0 0.0
-1.049652 -2.00693 -1.15541
-1.049652 -2.00693 -1.15541
-2.161657 -3.819855 -2.441196
-2.699816 -5.962075 -4.827024
-2.699816 -5.962074 -4.827024
-0.612008 -8.209993 -6.243939
-0.612008 -8.209993 -6.243939
0.677815 -8.850605 -6.611596
1.462013 -9.371706 -6.885004
0.994878 -8.333164 -5.865862
0.447845 -9.140051 -7.053489
0.571918 -3.414235 -3.030035
-3.191303 -2.920326 -1.749972
-2.802849 -3.595843 -1.915772
-2.355068 -9.599624 -0.731646
-2.355068 -9.599624 -0.731646
-2.355067 -9.599624 -0.731645
-2.772395 -13.237437 -1.720051
-2.772395 -13.237437 -1.720051
-2.995902 -15.508486 -2.556148
-2.995902 -15.508485 -2.556148
-3.042398 -16.598139 -2.946225
-3.05755 -17.648026 -3.212766
-3.040855 -16.749844 -3.605697
-3.035338 -17.16638 -2.494462
-0.17259 -9.564661 -0.254315
-0.17259 -9.564661 -0.254315
-0.172591 -9.564661 -0.254315
0.230825 -13.702183 -1.324563
0.230826 -13.702183 -1.324563
0.509571 -16.337893 -2.076315
0.50957 -16.337893 -2.076315
0.62745 -17.492701 -2.452842
0.798708 -18.729212 -2.742908
0.589425 -17.820148 -3.214035
0.790191 -18.136995 -1.980688
0.175674 -9.871786 0.791172
1.746524 -8.869379 -0.652931
1.746524 -8.869379 -0.652931
1.746525 -8.869379 -0.652931
1.969768 -10.981144 -3.923645
1.969768 -10.981144 -3.923646
1.109058 -9.022209 -5.499465
1.109058 -9.022209 -5.499465
0.688059 -7.952033 -5.178564
0.247684 -6.796296 -5.001996
0.599282 -7.51238 -4.459702
0.394277 -7.445403 -5.690497
3.505406 -7.789584 -1.369119
3.505406 -7.789584 -1.369119
-2.42547 -10.016155 -2.38383
-0.061962 -9.87255 -2.064966
1.88233 -9.011188 -2.344162
3.80267 -7.670981 -2.712935
-2.192823 -9.611814 0.521866
2.063757 -8.772871 0.342693
3.734504 -7.580273 -0.413204
-0.424188 -8.176033 -2.053984
-2.514459 -3.112573 0.263203
-0.085723 -3.22587 1.390163
0.987424 -3.179338 1.272007
1.531331 -3.088745 1.056948
-1.211487 -2.388175 -3.349584
-1.211487 -2.388175 -3.349584
1.040151 -2.506731 -2.954595
1.861506 -2.455912 -2.867835
2.299857 -3.407356 -0.941984
3.505406 -7.789585 -1.369118
3.144974 -8.880548 -4.218209
3.144973 -8.880548 -4.218209
2.138443 -7.623536 -5.456086
2.138443 -7.623536 -5.456086
1.447738 -6.653699 -5.433019
0.825122 -5.86529 -5.527257
1.319478 -6.118271 -4.942262
1.105696 -6.46955 -5.965092
0.0 0.0 0.0