0.0 0.0 0.0
-1.049652 -2.00693 -1.15541
-1.049652 -2.00693 -1.15541
-3.142504 -3.330369 -1.367489
-5.192637 -5.847349 -1.186761
-5.192637 -5.847349 -1.186762
-7.104323 -8.569574 -0.591212
-7.104323 -8.569574 -0.591212
-8.256902 -9.470003 -0.326656
-9.039052 -9.994226 -0.053355
-7.657845 -10.12626 -0.693878
-8.585056 -9.045329 -0.117128
-1.867204 -4.168339 -3.745536
-3.32329 -1.938387 -0.753636
-2.802849 -3.595843 -1.915772
-2.355068 -9.599624 -0.731646
-2.355068 -9.599624 -0.731646
-2.355067 -9.599624 -0.731645
-1.381937 -12.727212 -2.643712
-1.381937 -12.727212 -2.643713
-0.773359 -14.502921 -4.187461
-0.773359 -14.502921 -4.187461
-0.400234 -15.423153 -4.783799
-0.01154 -16.320694 -5.249495
-0.351218 -15.425013 -5.458717
-0.165629 -16.024422 -4.451424
-0.17259 -9.564661 -0.254315
-0.17259 -9.564661 -0.254315
-0.172591 -9.564661 -0.254315
-0.178086 -9.756589 -4.542718
-0.178086 -9.756588 -4.542718
-0.582951 -7.041828 -4.779278
-0.582952 -7.041828 -4.779278
-0.83796 -6.459573 -3.73755
-1.074695 -5.74824 -2.698131
-0.942423 -6.749331 -2.967348
-0.925555 -5.654161 -3.647172
0.263667 -10.621959 -0.275715
1.746524 -8.869379 -0.652931
1.746524 -8.869379 -0.652931
1.746525 -8.869379 -0.652931
1.356135 -8.664032 -4.527514
1.356136 -8.664032 -4.527514
0.667653 -6.107983 -4.295012
0.667653 -6.107983 -4.295012
0.486807 -5.568379 -3.245433
0.285547 -4.865185 -2.232591
0.563465 -5.768492 -2.425667
0.231187 -4.835963 -3.18813
3.505406 -7.789584 -1.369119
3.505406 -7.789584 -1.369119
-2.42547 -10.016155 -2.38383
-0.061962 -9.87255 -2.064966
1.88233 -9.011188 -2.344162
3.80267 -7.670981 -2.712935
-2.192823 -9.611814 0.521866
2.063757 -8.772871 0.342693
3.734504 -7.580273 -0.413204
-0.424188 -8.176033 -2.053984
-2.514459 -3.112573 0.263203
-0.085723 -3.22587 1.390163
0.987424 -3.179338 1.272007
1.531331 -3.088745 1.056948
-1.211487 -2.388175 -3.349584
-1.211487 -2.388175 -3.349584
1.040151 -2.506731 -2.954595
1.861506 -2.455912 -2.867835
2.299857 -3.407356 -0.941984
3.505406 -7.789585 -1.369118
2.611687 -7.643208 -4.304637
2.611687 -7.643209 -4.304637
1.977433 -5.726781 -4.079806
1.977433 -5.726781 -4.079806
1.775715 -5.046571 -3.123348
1.537963 -4.397429 -2.388359
1.971535 -5.077148 -2.412929
1.457765 -4.472179 -3.177999
0.0 0.0 0.0
