0.0 0.0 0.0
-1.049652 -2.00693 -1.15541
-1.049652 -2.00693 -1.15541
-2.748132 -3.624216 -1.977632
-4.369836 -6.153612 -3.219858
-4.369836 -6.153612 -3.219859
-3.415785 -9.089001 -4.595728
-3.415785 -9.089 -4.595728
-2.697713 -10.184979 -5.297438
-2.315591 -10.981109 -5.723378
-1.927891 -9.695053 -4.994555
-3.184586 -10.444921 -5.462729
-0.495109 -3.870347 -3.664936
-3.334504 -2.413769 -1.244078
-2.802849 -3.595843 -1.915772
-2.355068 -9.599624 -0.731646
-2.355068 -9.599624 -0.731646
-2.355067 -9.599624 -0.731645
-1.794349 -13.1861 -1.830544
-1.79435 -13.1861 -1.830544
-1.441587 -15.083389 -3.30788
-1.441587 -15.083389 -3.30788
-1.203794 -16.036215 -3.922083
-0.944477 -16.970146 -4.405885
-1.171894 -16.035927 -4.598029
-1.039925 -16.666576 -3.601414
-0.17259 -9.564661 -0.254315
-0.17259 -9.564661 -0.254315
-0.172591 -9.564661 -0.254315
-0.024394 -10.872022 -4.340403
-0.024393 -10.872021 -4.340403
-0.446702 -8.278094 -5.166839
-0.446702 -8.278093 -5.166839
-0.736057 -7.491435 -4.279884
-1.008277 -6.578885 -3.422224
-0.859281 -7.612236 -3.468523
-0.833593 -6.686638 -4.365436
0.271823 -10.583462 0.016237
1.746524 -8.869379 -0.652931
1.746524 -8.869379 -0.652931
1.746525 -8.869379 -0.652931
1.507226 -9.526918 -4.489249
1.507226 -9.526917 -4.48925
0.804649 -6.971669 -4.685574
0.804649 -6.971669 -4.685574
0.561743 -6.158426 -3.845855
0.299829 -5.199376 -3.089245
0.592335 -6.114253 -3.000248
0.300013 -5.445621 -4.01457
3.505406 -7.789584 -1.369119
3.505406 -7.789584 -1.369119
-2.42547 -10.016155 -2.38383
-0.061962 -9.87255 -2.064966
1.88233 -9.011188 -2.344162
3.80267 -7.670981 -2.712935
-2.192823 -9.611814 0.521866
2.063757 -8.772871 0.342693
3.734504 -7.580273 -0.413204
-0.424188 -8.176033 -2.053984
-2.514459 -3.112573 0.263203
-0.085723 -3.22587 1.390163
0.987424 -3.179338 1.272007
1.531331 -3.088745 1.056948
-1.211487 -2.388175 -3.349584
-1.211487 -2.388175 -3.349584
1.040151 -2.506731 -2.954595
1.861506 -2.455912 -2.867835
2.299857 -3.407356 -0.941984
3.505406 -7.789585 -1.369118
2.773921 -8.469306 -4.274344
2.773921 -8.469307 -4.274344
2.105731 -6.560449 -4.462234
2.105731 -6.560449 -4.462234
1.892377 -5.754003 -3.612343
1.644884 -5.009725 -2.977586
2.082942 -5.682931 -2.903393
1.571212 -5.195362 -3.749377
0.0 0.0 0.0
