0.0 0.0 0.0
-1.049652 -2.00693 -1.15541
-1.049652 -2.00693 -1.15541
-3.195968 -3.257932 -1.224828
-5.481669 -5.569052 -1.296887
-5.481669 -5.569052 -1.296887
-7.751441 -8.036313 -0.872044
-7.751441 -8.036312 -0.872044
-9.082341 -8.638556 -0.597811
-9.963902 -8.963527 -0.317617
-8.660317 -9.416047 -0.97437
-9.297933 -8.149397 -0.382919
-1.928116 -4.032268 -3.628293
-3.263465 -1.905948 -0.507405
-2.802849 -3.595843 -1.915772
-2.355068 -9.599624 -0.731646
-2.355068 -9.599624 -0.731646
-2.355067 -9.599624 -0.731645
-2.028713 -10.174315 -4.46635
-2.028713 -10.174314 -4.46635
-2.144775 -7.772688 -4.11224
-2.144775 -7.772689 -4.11224
-2.253428 -7.406209 -3.018826
-2.321086 -6.968122 -2.030374
-2.301901 -7.831501 -2.494712
-2.234116 -6.700754 -2.848535
-0.17259 -9.564661 -0.254315
-0.17259 -9.564661 -0.254315
-0.172591 -9.564661 -0.254315
-0.19248 -9.702603 -4.54475
-0.19248 -9.702603 -4.544751
-0.532324 -7.002645 -4.115181
-0.532325 -7.002645 -4.115181
-0.740284 -6.688457 -2.954454
-0.926697 -6.248893 -1.765141
-0.82877 -7.155908 -2.274937
-0.804103 -5.928193 -2.667303
0.238707 -10.631533 -0.290049
1.746524 -8.869379 -0.652931
1.746524 -8.869379 -0.652931
1.746525 -8.869379 -0.652931
1.358683 -8.675914 -4.52838
1.358683 -8.675913 -4.528381
0.749036 -6.166931 -3.900056
0.749036 -6.166931 -3.900056
0.670517 -5.986972 -2.72237
0.576409 -5.639881 -1.525914
0.797979 -6.439673 -2.017564
0.453408 -5.306221 -2.414961
3.505406 -7.789584 -1.369119
3.505406 -7.789584 -1.369119
-2.42547 -10.016155 -2.38383
-0.061962 -9.87255 -2.064966
1.88233 -9.011188 -2.344162
3.80267 -7.670981 -2.712935
-2.192823 -9.611814 0.521866
2.063757 -8.772871 0.342693
3.734504 -7.580273 -0.413204
-0.424188 -8.176033 -2.053984
-2.514459 -3.112573 0.263203
-0.085723 -3.22587 1.390163
0.987424 -3.179338 1.272007
1.531331 -3.088745 1.056948
-1.211487 -2.388175 -3.349584
-1.211487 -2.388175 -3.349584
1.040151 -2.506731 -2.954595
1.861506 -2.455912 -2.867835
2.299857 -3.407356 -0.941984
3.505406 -7.789585 -1.369118
2.630762 -7.784402 -4.314013
2.630762 -7.784403 -4.314013
2.233096 -5.872484 -3.755486
2.233096 -5.872484 -3.755487
2.246779 -5.599105 -2.596493
2.196948 -5.264092 -1.646019
2.50777 -5.924942 -1.988472
2.02378 -5.016812 -2.383864
0.0 0.0 0.0